7:116
18:7905,15122,18
19:19480
36:11824,568,1119,50347,1405
37:65,119,559,57491,427,296,4422,131,10520,9617,2955,37220,12680,16288,73168,4678,1239,363,245,17,6009,1534,1708,84,20697,94,4268,2861,327
41:14202,16319,803,9077,289,18867,75285,10507,356,27496,518,1762,2538,8,3890,5998,13273,22308,422,1102,4499,2570,29891,17250,84,996,295,32333,4753,2700
42:14202,2008,10015,5214,2193,1009,23266,35036,3824,84,62137,39505,1102,3642,12442,518,6393,131,4456,7451,568,29709,9885
43:
44:1548,1217,15,1136,97,2316,4793,591,26042,12693,3234,2338,1133,3771,12157,6011,5710,3223,8109,5413,4181,62,9391,483,1693,10640,225
45:
46:1039,1410,46215,718,70,3093,36134,2200,15587,875,38663,1119,24296,999,7741,5176,654,4833,35559,19431,109,1187,29936,7506,29363,4958,45422,29,9863,4174,18256,970,36804,28183,138
59:65,1039,119,1405,37720,57491,967,1824,10520,16134,86,327,518,1190,13498,6691,7299,59679,37900,17,2897,866,4364,13350,372,29709,3908,11818,97,31448,356,22044
60:302,709,6011,974,3841,17,6848,654
69:813,5465,16319,1217,8276,559,554,17,1578,31063,14551,22308,31015,9931,2116,8873,10162,246,803,21315,1023,356,3163,1631
70:79667,59189,1121
94:8276,559,11626,4422,131,9617,230,322,85755,6270,20553,95138,9572,1152,11174,119,6175,5117,12066,219
106:14202,5471,367,1403,58,6996,2626,67595,4502
115:709,559,2982,2816,11,966,1360,1046
116:834,29001
142:709,3476,18867,454,296,398,74590,19984,16977,11,8487,1965,8231,238,67084,5176,7585,5078,780,1212,2655,548,10786,367,16508,4630,11803,2677
143:49245,86747
148:1405,46215,18867,508,5103,6024,378,5545
150:2030
156:17,568,8213,946,54,8901,518,1405,7029,1743,19300,654,10046,33474,88529,4456,1927,6068,407
161:1039,12259,1926,179,1403,15507,518,8,3213,13062,5347,9581,363,4027,89079
171:19470,3915,28641,2326,12680,1512,24173,14626,9423,14047,8411
172:1217,1937,302,394,1239,6727,398,331,591
174:
177:2668,21695
196:650,3476,17164,427,97,1387,4578,4456
202:378,220,508,69591,8057,780,2669
211:13108,76859
217:8066,1039,2597,1009,2193,17,16707,55991,13049,2055,568
220:
223:119,559,167,2829,5471,4282,2937,5757,8016
224:
225:3476,32619,2302,353
228:650,20715
229:1410,2068,31108
231:2904
232:
238:42397,26712,9661
241:9255,4957,58961,7973,62,238,1561,2597,4628,75992,17
245:
249:8483,91955
250:3250,285,1410,4536,2031,508
253:
257:65,709,296,354,3088
272:6068
273:967,8,2617,3448,285,17215,266,1762,511
288:699,116,1548,5998,12248,1499,5767
290:18867,13501
291:61628,16625,46026
292:31488,10930,45527
294:
328:
331:
345:29573,62840,11401
361:642,10455,1558
376:8683,7029
384:4940,1979,1684,1550,238,3101
401:14202,1009,378,902,9729,518,1119,5253,19431,116,654
402:3304,4793,16056,322
410:
448:53377,598,73474,6231,17532,656,703,1097,6304,25560,6463
449:65,1039,35229,1382,18867,5214,73803,2829,40046,3599,1326,54210,64165,53318,16942,11484,3159,103410,20551,29741
450:65,116,650,1039,53377,749,5567,8276,559,199,8105,819,1196,22,990,1044,9525,25061,11776,193,21978,8731
452:18471,749
476:398,1451,8213,1163,9006
488:1548,7045,1196,4478,3304,1099,43182,73760,376
490:179,861,2602
494:302,14202,1410,11,10066,1212,9942,650,8651,6923,20742,10,356
500:
514:8276,5214,18287
525:116,25531,1884
535:
536:813,8276,97,1023,1535,1476,17,5577,2399,18585,12386
538:378,22776,10269,9581,5258,3707
539:709,302,14202,1039,1220,7409,4374,4221,650,22606,236
564:65,709,86763,97,2266,20489,29,2609,10274,2868,1891
582:2982,8,567,101,708,13106,568,1550,554
585:891,44598,185,673,12872,20938,17,2292,354,348
590:9708,1413,11108,2073,7012,3017,22008,289,2163,1102,901,84,2429,138,5268,726,58,86,521,616,5581
601:31717,51329
618:2131
624:378
627:41261
628:
632:97298
633:1039,356
634:
646:361,20382,5214,2265,44031,51199
666:90938,100638,13971,68741,7268,80178,13247,39148,33228,12169,10192,48285,4510,52914,61646,43392,7926,44188,69235,72347,34953,49459,88850,22438,71774,24825,36166,27566
667:1405,37653
669:2869
678:65,720,20182,30911,901,138,76,1535,6249,5998,952,486,21462,1762,7560,1561,16788,615,3867,1558,3223,96713,616,22518,23746,327,14701
680:65,559
681:46215,378,6411,8786,1528
682:2614,709,10832,12120,18867,14593,44,336,4940,14498,26376,12657,9491,18895,39929,2259,2677,19236,2103,2888,2460,12207,4877,40716,16982,22365
683:
684:1803,84317,8723
715:203
716:
741:1803,33910,301
750:650,1382,1217,559,19963,356,14129,2059,2369,2200,34508,19586,915,84361,4106,65199,40628
754:709,18867,356,2085,4034,8546,101326
756:1217,8105,285,29552
757:87726,87404,28540,20596,77322
758:62,4374,15676,407,2064,15,19354,10046,356,398,194,1109,1240,10493
763:354,238,690,510,27302,944,40704
773:28635,753,20656
774:65,116,356,1245,1069,521,2342,1603,4669,999
775:13070,3476,559,427,8683,1136,1885,1962,5553,5367
782:1039,29709,3142,6613,1825,9617,7901,17,7145,30316,103144,4187,1127,71891,43586,11648,7885,12917,9057
784:14202,296,22597,5159,25101,1744,7211,1065,731,1650,226,81,654,1499,2995,3137,754,901,32160,1086
793:709,116,3250,13636,398,40393,24718,10007,6673,3465,7682,10075,3791,3448,4756,4833,1387,42,901,15937,3628
803:48
813:8276,13378,35068,14838
815:1435,749,301
817:749
818:12657
823:21145,14498,1744,28,71891
825:3632,77914,76,1987,18420,656,245,7785,12759
833:3632,1548,17164,559,2982,378,220,11575,2369,1549,6383,353,6759,3028,1410,7700,29
835:8276,814,6353
838:10175,8066,17351
844:224,508
850:829
856:709,19984,598,1097,73474,13498,1958,364,1101,303,5567,18505,5117,4353,25560,12752
857:709,285,3476,3234,29,923
874:3632,9617,21145,296,15,378,230,322,1696,19669,81912,932,1708,14551
891:
899:709,5567,10930,508,295,75351,1815,12611,202,1205
900:
911:901
918:2917,500
925:
926:116,19963,155,7973
937:3915,23122,891,6157,224,24863,61146,2369,1287,17,776,944,3485,6552
949:1790
964:72109,33552,15510,131,89291,10892,245,10094,39624,301
970:2026,5998,939
977:302,709,7194,4205,58,6957,1217,238,11154,1762,2181
981:13,16036,7869,21246,4513
982:
984:709,1109,1591,15,1030,395,4268,1572,21899,1217,28020
992:2068,9662
993:6994,18057
998:6573,124,500,19316,15606,5462
1000:65,709,14202,32,3233,10817,2897,6837,855,564,289
1007:709,116,356
1027:
1028:
1044:4288,1874,1684,8531
1045:65,690,559,356
1049:
1068:
1069:14202,749,2703,1217,22,17988,28684,43611,690,87,1187,875,48,7800
1070:5553,1405,11633,18315,32743,2372,2163,93265,56
1082:15141,1806,17062,6513,2872,837,1362,1804,311,9146,5099
1083:1034
1088:6809,119,2982,23266,3642,12442,10046
1094:16319,1039,518,302,219,1832,8
1116:51975,65
1121:26579,17
1125:1039,3476,2982,8683,3191,508,354,245,101,278,614,7029,829,2272,521,84698,10786,3588,518,17,84
1127:65,20505,3039,427,1703
1132:
1133:14202,3476,497,378,9646,4630,2715,7721,2539
1140:302,650,58,8521,1220,45,5286,24417,41652
1141:
1148:30360
1153:26460,6968
1163:1097
1166:65,6809,119,559,4487,472,6759,785,1471,6491,2292,270,327,1168,1190,3233,2345
1172:7984,56962,1544,24429,889
1192:15,285,3234,289,6033
1204:
1208:
1209:28541,1218
1234:38251
1236:65
1245:65,62,223
1263:8683,1384
1267:656,2868,1614,1960,19300,1567,22723,490,2200,6837,29552,3426,6485,17220,46721,409,73
1269:4021
1288:67016
1295:8730,1719,22606,1155,15,6996,6759,239,3561,29,44909
1296:709
1302:709,24934,508,1348,3614
1305:28
1342:
1382:13407,11243,1410,383,21905,1152
1389:
1391:
1397:33017
1402:285,654
1405:
1407:1324,18420
1408:17
1409:179,387,908
1412:2013
1413:116,179,654,873,3250,1832,97,361,29
1418:65,119,1405,2030,354,353,1684,35609,1131,23553,3661,2101
1419:
1420:179,1744
1427:14202,1382,3476,18867,427,14750,4187,1344,103286,4203,3018,10856,236,43517,48829,11648,3159,138,3,3448,12023,901,40061,495,7634,100163
1430:766,1196,483,4083,4522,3057,6346,2657,58
1431:285
1435:967,15,2200,1930,353,1374,6793
1437:
1441:6559,27322
1447:65,119,18867,967,12710,176,4907,201,7821,1190,28617,594,6793,20100,496,15487,18028
1448:
1457:3691,322,1332
1458:65,119,9617,13070,559,427,296,4422,131,15,10520,68946,364,245,11720,6923,11522,654,210,20367,322,763,16288,14330,10323,4174,4993,2955,16553,179,19615,17,2166,1389,3476,53061,2769,8151
1469:12259,32741,7192
1477:8,6527,22136
1486:46039
1490:65,709,1402,327,10973,69229,1360
1491:1332
1500:5103,1196,14129,155,52208,2213,13523,2101,490,947,7739
1503:454
1517:78351
1518:65,2026
1535:709,5465,116,111416,13739,3476,38203,568,7194,4645,25356,5575,236,485,14923,56213,4205,1772,27662,14750,60063,4210,46655,113185,58442,39354,6673,4032,313,2758,1550,31204,1136,15540,1778,1558,891,18017,55556,23243,7560,11326,3841,2343,483,49997,15498,4724,49,6168,12892,14026,5869,2739,13367,30127,1274,10682,55859,24676,78541,44232,1614,2988,60352,560,1822,8554,23853,2094,776,55794,299,59722,43517,4702,3690,10274,62,2619,19775,76508,20850,11621,14155,486,6726,16476,2448,9230,616,28197,17030,1912,19867,33475,861,31807,50619,59684,10108,24761,24498,6605,6766,24306,50089,4042,155,1511,238,221,75927,18020,1874,2957,1046,3580,3730,12244,3531,10142,45752,35948,47934,27465,3073,358,11888,356,2517,5889,41233,5708,6059,48829,47014,39063,18403,45024,16092,12145,15234,10675,61170,5511,45,3583,14785,4721,79573,294,34634,3541,20485,273,90067,5747,96523,19648,8004,76746,34635,1051,28505,3292,4054,29953,1266,16240,29928,7812,30532,35322,10075,4326,94761,12253,1097,1069,75245,6729,21834,92247,30839,39433,20958,39285,48707,6040,24354,2708,120,44849,6,14400,4614,4907,5402,224,2235,409,4642,36610,26114,58388,18749,42056,1089,38189,8861,73,83209,17,46872,7918,37234,18525,3323
1551:8276,654,302
1552:1465
1553:15,8683,5927,518
1559:285,18070,14969,5991,596
1560:1927,17164,7740,85755,18,2980,10323,1196,2824,27251,3297,20764,787,3768
1561:813,6809,8868,50559,5998,97,356,2816,9617,19984,238,902,11720,236,210,19471,7973,4174,2588,1344,2617,1220,188,581,41961,2177,5043,8,3213,9518,7624,78185,3753,7241,220,1023,1499,353,364,2464,1112,128,43310
1562:709,5465,6809,2467,93331,62347,361
1569:986,17317,53395
1570:18835,14485,1512,534,2668,4765,14035,18
1588:3886
1589:1217,1200,42489,2897,3250,86063,20506,84785
1591:
1601:749,511,3841,1871,1344,398,7396
1602:65,185,967,829,364,16056,353,3169,3929,48,3493,5533,9035,372,70,3694,94,899,2200,35998,8095,1514,1187,42882
1629:1039,119,1410,559
1634:
1642:616,3191,322
1653:23813,11223,285,6249
1654:119,559,4793,8105,9789,190,25164,901,58649,1239,33330,16804,6,568,21055,17
1655:1009,56788,16514
1668:6855,43182,15522,143,2976
1681:3915,27307,2538,518,787,2937,835,1471,12874,1800,1455,27251,3385,2433,1127,888,1589,273,82067
1703:709,650,116,20192,17,86753,2345,7312,4741,245,322,9775,15676,1287,54792
1721:9916
1727:68712,5315,780,193,20524
1728:30911,3
1745:1646
1746:101,51364
1751:14202,8075,51158,3661,787,44988,102047,9069,54638,7794,33065,4385,70585,64061,1109,427,908,81925,19552,1131
1756:61,14202,1102,803,2338,9077,559,2537,84,726,690,1180,568,13681,1920,15,179,493,4174,3347,1403,8,944,7535,7700,13273,5553,542,510,654,12601,273,17,153,322,813
1758:1410,1220
1761:74367,46994,23102,14600,10451
1767:
1779:1674
1780:
1783:892,1887,4181,1239,7407,4456,1196,6375,3,1046,616,1358,8232,6943,15056,75584
1787:302,1023,19442,1622,7243,1212,1102,2868,84,1186,1217,114,17,803,224,58,4210,8,422,23583,4613,9846,4032,650,2668,65,5553
1788:2114,10752
1794:427,1930,1832,1180,1603,24115,24944
1796:2770,10012,58,2166
1803:709
1820:65
1821:14202,2770,2302,68036
1822:3476,15,2976,10560,4045,6957,409,3231
1823:1217,39119,2369,1220
1840:60,1009,4828,4669,554
1841:1727,9491,33271,719
1842:
1850:97003,28,57351,4008
1853:7037,23163,309,51090,11085,13115,624,361
1854:1039,46215,859,61,1387,2848,1744,303,322
1862:65,119,3915,17,378,57158,5319
1880:34362
1883:3915,4502,302,28641,105884,2172,1204,47740,13063,508,12976,23159,564,31686,7006,15182,483,8118
1890:4300,14047,990,5017,803,188,16967,17,13675
1891:
1893:185,3323,6011,970,34944,483,1550
1894:1451,18287,6042,238,450,1417
1911:1793
1912:709
1913:15754,23031
1930:48930,4626,10541
1932:95798,33562,53341,14508,30513,56848
1950:14202,1548,4601,1050,1558,4254,182,3465,614,25950,2626,1822,1535
1951:
1952:
2005:65,8868,119,1217,356,901,65726
2017:26739
2025:
2030:568,4958
2034:22975
2038:
2046:
2058:12597,3440,1617
2068:9617,5567,3476,559,1451,6759,6708,3632,38470,16056,763,6210,9537,1800,1267,19586,7409,15911,146,19616,1023,1405,17,45434,3728
2070:61,1102,803,8213,2338,9077,2537,84,726,690,1180,568,13681,1920,15,493,4174,3347,1403,8,944,7535,7700,13273,5553,542,510,654,12601,273,17,153,3250,322,6393
2071:650,14202,1109,559,4368,22606,124,356,750,1762,6759,12471,6708,902,84,15403,8,2085,3233,5998,28343,2620,646,14489,1086,1102,2906,138,12042,366,5345,6275,31015,21899,42,1023,13635,28645,4880,49740,17123
2072:4364,8,422,2030,65
2074:924,13597,4660,1205,60440
2075:2172,3476,2030,29,6929,109058,226,518,915,548,2166,57351,1413,74631,28,116,483,2298,4848,5117,4049,4497,289,68229,490,58,13235,6485,1764,3610,4174
2076:
2077:8483,10930,656,5582,5608
2080:356,16104
2085:1382,61628,673,3476,5947,3551,89092,829,11720,16625,4049,12133,56056
2097:65,709,119,559,124,18867,967,1954,25061,41840,13386,3474,13635
2112:
2115:65,119,5183,3231,84494,409,6759,1732
2116:182,4756,239,3514,1614,25621,245,518,353
2123:65
2135:46343,1966,1359
2141:
2147:3233,3250,13636,398,14750,40393,24718,10007,16911,7682,10075,3791,3448,4756
2154:12657,2677,32577,16381,1732,5010
2160:15,614,188,30094,2641,4174,322
2162:168,661,2012,984
2170:709,508
2177:14500
2184:2467,13683,495,31733,17,4113,3194,4456,2369,3234,11522,1324,837,395,490,486,285,1567,317,239,8016,1866,5819,610,21634,101,407,93595,9246,146,755,35362,1937,2030,21578,2956,654,10957,302,6599,29,9708,7178,15,596,13673,9244,726
2185:2031,3968,1348
2187:24747
2211:1193,45890,834,34251,54880,5567,70,2579,924
2223:533
2243:119,559
2244:699,1548,3915,1405,124,378,9943,16675
2247:116,6,3250,554,76,11811,224,901,15789,749
2250:49715
2253:5103
2260:
2261:8276,1631,9525
2262:96
2290:65,8730,8276,2085,285,94,15,1382,25049,322,1196,2394,19197
2291:13636
2293:4300,2026,236,4907,9093,84198,2656,50946,21794
2301:
2302:
2304:
2318:302,116,1548,17,3234,3476,8276,22606,19963,2816,236,1196,4173,4205,1212,5638,354,4032,13363,10466,3534,1348,138,1558,891,23243,483,14026,4364,273,353,5303,62,3204,2876,1217,5017,394,1550,12612,16742,45,2158,224,176,285,5462
2325:
2335:650,356,15510,53415,8794,25649,10892,1119,1930
2343:70575
2346:
2347:
2348:179,3,5607,28536,1874,829,54357,3234,1888,4400,5542
2362:
2363:8276
2364:2655
2369:19352,5638,6098,398,1534
2373:953,49219
2381:1109,17431,2316
2382:4364
2384:
2385:
2392:2703
2393:9617,559,495,1023
2394:5465,18867,354,1382,278,199,829,2440,5767
2395:58,26450,30872
2399:13988
2405:2917,1410,559,356,967,1196,15,6024,18447,616
2407:18287,1649
2408:
2419:2372
2429:
2447:
2452:
2453:
2454:6024,30257,6601
2456:
2461:1548,8868,1382,3476,13150,10066,1410,9525,6091,18505,3304,64312
2464:967,2031,10229,908,6957,52268,81603,12883
2465:119,1410,559,17
2469:559,674,43206
2489:2632
2491:
2499:50804,42693,1097,5869
2500:65,709,11626,358,9594,659,2480
2501:162
2505:8105,6496,302,26605,330
2510:2337,10406
2515:116,4023
2518:3928,1730,10039,31606
2520:1039,5312,1009,8546,22121,1086
2521:8868,8213,398,40265,4414,43182,454,70201,3753,36498,40061,784,13110,1299,17
2524:29
2536:559,967,8683,5389,2273,10066,58,654,9263
2541:65,116,285,836
2547:97,675,1693,116
2553:58057
2558:2068,11626,18867,6003,14498,168,1758,12254,9247,31171,46110,719,4792,2677,7235,1296,859,7843,135,29962,2103,74498,4877,6849,16956,13194,46591,24196,2628
2560:650,61,75042,645,3278
2563:8276,15453,19984,3291
2573:8868,749,14129,7178
2591:966,2408,4072
2596:366,98230,6
2597:
2601:51158,14210
2604:367
2611:9617,1035,23307
2612:356,650,3101,238
2615:302
2625:
2626:650,116,699,2897
2634:8213,10046,18477,71850,20517,42409,83929,9278,43302,66871,422
2636:4032,17,10274,4113
2639:1382
2650:8836,10220
2661:
2663:
2666:3250
2676:11524,6759,179,5420,3244,1681,29,673,654,10279,8213,1168,1567,24698,10047,322,1102,4113,289,162,4174,3563,398
2689:27420,74776,568
2693:790,418
2708:116,22606
2709:65,472,14747,27977,11991,238,11895,2345,1389,103
2713:699,13615,518
2715:4103,2259,7838
2716:
2727:7909,2059,322,20913
2730:10520,77650,2181,19954,5871,3304,4422,13308,10133,9347
2731:12710,2618,18127
2734:
2735:10041,6434
2737:
2745:10834
2746:
2748:
2756:1550,2552
2760:
2776:8178
2799:441,30939
2802:
2803:
2804:
2805:
2812:22606,58,2316,4619,4828
2815:10648
2827:699,14202,5017,94,62155,11604,15540,8287,273,8118,366,1764
2831:27500
2846:7655,16056,190,387,510
2848:1217,521
2853:
2854:104226,58508
2857:42264,1133,38738,30739,67417,57431,11730
2858:354
2861:46215,30936,6264,8772,219,13884,10813,30975
2871:5254
2907:116,1109,654,855
2912:
2914:
2924:12207
2925:
2947:90863
2951:
2959:2755,7869,944
2960:65,1119
2963:736,1089
2965:
2967:2917,46215,1287,827,1410,2268
2970:
2977:3915,59612
2981:1217,15,1455
2989:709,2583,1196
2990:45609,21145,4791,440,29000,6211,10270,4266
3002:1247
3004:
3011:
3013:378,10180
3037:42168
3038:2031
3044:273
3070:
3081:26821
3100:
3102:
3105:790
3107:18867,2982,28943,521,31762,6849
3110:378
3111:34071,11755,5794
3113:
3121:709,116,1535
3125:749,1822,1245
3126:891
3129:8276,559,1239,398
3139:
3144:709,10420,21903,11601
3152:925,11,236,21019,10217
3166:
3167:17015,18102,43490,32592
3169:1217,559,47872,36134,718,285,656,17,2168,6292,1468,1475,2607,1927,908,31015,2670
3170:
3172:
3176:14498,5367,5344
3183:709,18867
3184:62742,8066,1138,9214
3193:3476,2030,322,24472,71980
3195:
3220:2059
3229:1591,1109,5548
3234:2570,5347,20591,84,15744
3237:23967
3238:65,327
3239:302
3246:3150,7926,4510,5975,44188,43888,10981,19516
3258:
3263:18867
3264:
3277:
3279:27577,736
3295:
3305:
3306:5775,23395,12690
3308:65,1287
3309:1217,2168,1806,238,38431,322,5069,6863
3319:3003
3320:
3328:116
3329:22682
3335:3476,59585,34983,22008
3346:2375,4268,16912
3352:65
3353:757,43695
3360:2097,1039,6135,12859,3017,66500,114
3374:20752
3376:239
3383:29,103598
3386:66275,776,3448,10075,92559,78372,5747,4212,10675
3411:1329,179,431,273,2937,1866,1927,2626,9890
3412:
3413:119,51334,806,2557,61736,2939,26339,9210
3416:12522
3419:750,15522,356,568,16531
3421:8803,1806,1614,1348,3213,18391,5542,21678,238,23243,7407,41315,729,3216
3423:
3426:19357
3428:65,699,1196,4414,285,1099,425,1405,24940,616,29,21486,33814
3429:
3431:
3432:
3450:9662,24271,5689,32037,21028
3453:3601,34138,25816,58725,984,2318,101987,801,12053
3475:
3478:58,4106,7578,596
3479:1039,726,322,470,331,105999,1009,1941,22,220,72699,11941,37463,1696
3480:285,923,1690,19588,58,20458,19405
3490:1217,19963,3250,20467,361,155,285,1200,8910,944,2389,70219,2876,616,866,1550,303
3500:65,8868,356,1119,6793,179,20765,16811,16385,146
3514:3915
3529:669
3546:273
3547:4942
3551:47764,3177
3557:2318
3572:
3579:
3580:
3593:116,97,14617,224
3599:262
3609:116,1405
3610:176
3613:
3628:4223,4204
3656:65,967,2816,7578,814,17414,13599,1644,6793,891,3429
3657:1102,2626,427,54999,3628,6009,1937
3663:65,699,749,5567,22606,18867,5214,356,9931,29,573
3674:114,4414,2317,892,10466,1196,4456,1558,5903
3684:
3685:6559
3686:2675
3692:10996,4174,2769,1567,58,13526
3694:20312
3701:1039,5848
3702:901,2031,3483
3717:14202,1410,46215,146,568,8011
3721:14202,11153,190,10856,508
3728:347
3735:262,1217,1405,559,18867,354,859,2626,26446
3736:8276,11626,967,107237
3737:
3751:45
3752:
3800:65,61,14202,1039,1102,803,8213,2338,9077,2537,84,726,690,1180,568,13681,1920,15,179,493,1009,4174,3347,1403,6135,8,944,7535,7700,13273,22308,5553,542,999,510,654,12601,273,17,1405,2394,518,153,52729,56962,322
3811:22446,32654,21249,89973,13181,14287,54532
3820:302
3840:116,17
3846:11524,6759,14202,179,5420,3244,19963,1681,3409,29,673,654,10279,8213,1168,19993,1567,24698,10047,322,1102,4113,289,162,4174,64021,3563
3849:179,518
3850:749,1871,18232
3857:4268,84,4816,2030,17,1030,179
3859:296,5361,49217,23813,2030,44427,17207,101,39465
3862:65,1109,32
3888:709,8557
3911:29552,5896,18159
3921:32392
3929:14026,5729,2414,6249
3930:1690,296,2597,301,10541,16281,6968,4601,2955,71244,8881,1473,17
3934:
3947:
3950:
3962:9931,377,675
3974:81362,38716,8258,2303,4589,22646,46451
3975:650,1217,4173,1243,62
3988:5103,11243
4001:4259
4006:2200,353
4007:10666,60095,1884
4008:
4009:2239,47831,46276,1086,1119,12512
4028:17784
4031:508
4035:
4053:19963,17876,61,10323,295,398,5017,2429
4064:14003
4067:1287
4068:3141
4069:709,3632,119,7741,4456
4075:
4076:25271
4084:654,3250,1614,18788,3223,45517,1245,616
4091:15141,750
4098:1681,322,4113,289,3563
4103:
4104:53636,2512
4124:10832,54300
4132:5465,14202,10275
4134:
4138:2700,17220,124,508,12471
4140:2337,14435,1460
4149:
4158:5214,2153,3177
4164:2162,34944,32162,1631,1403
4167:
4171:63474
4177:24513,17612,1362,5484,1979,11,6579,17,5348,675,11208,35356
4179:2816,953,1181,4008,7648,94,837,2338,10244,7700,7667,568
4184:1874,199,19963,8105,1239,31325
4190:591,3728,31182,7409,27086
4209:
4210:19984,7800
4211:
4213:699,8868,22606,1103,356,990,29552,19884,5711,43182,1764,14948,9449
4223:2092
4237:699,17,15,986,81,84,104312,3345,8,4996,119,1102,1039
4242:559,30,302,3233
4248:
4249:168
4265:
4269:18867,1196,23672
4273:1155
4275:302,511
4277:302,8276,67144,12680,9088,999,1245,3791,1140,8861,6143,46346,4094,4756
4281:62,10930,2546,901,236,322,285,30954
4301:116,12259,1451,2073,5655,1664,1136,4669,34560,8928,1471,508,30742,58
4303:1684
4304:65,3632,116,2030
4344:3632,5465,859,511,4174
4353:
4357:
4365:14216,14593,4940,168,5124,16381
4371:10066,9421,21742,11821,60334,873,2280,3737,60218
4372:65,967,42352
4399:22579,6759,13302,3764,3354,32,10244,43387,6091,8946,35419,409,59300,5604,6708,819,18239,356,2292,1881
4400:554,656,76,4487
4407:1410,8805,1886,10544,23391,6874,3
4424:
4426:9363,25551,4455,4244,40596,3926,10463,54878
4436:2583,873,1065,238
4453:
4457:
4458:
4466:119,21815,3439
4469:650,1719,559,1869,454,322,302,43182
4482:2068,356
4507:75285,322,17250,736
4514:28541,6901,7851,245
4517:
4519:9246
4522:37575
4530:709,6,10725,11160,78355,34971,12742
4537:
4543:1039
4562:5567,1965,508,65
4578:225,1348
4588:62
4618:119,30735,764,990,8928,1065,5193,3017,1965,21635,16536,1703,1956,9045,51507,21775,33831,974,91159,11114
4633:23183,1121
4637:9363,4455
4640:65,709,119
4641:10041
4642:14202,749,2440,10856,84,888,1558
4651:302,7970
4665:749,1217,2168,4478,1348,5575,4816,736,564
4666:4479
4682:4498,64511
4687:
4692:
4696:
4702:
4730:46215,356,17952,598,1499,6535,8735
4736:14940
4745:1217,2897,967,17,2168,1558
4749:1382,5567,25332,5928,496,8236,54354
4751:
4760:
4762:
4767:22002
4774:709,116,4210,9942,1684,449,22606,749
4779:699,116,17,94,62155,1382,15540,273,7059,366,378,5925
4788:
4789:4616
4794:322
4796:4622,47914
4797:65,116,15141,749,5471,3234,8276,4522,967,15,4173,3304,402,9475,755,6030,20458,6376,288,8057,5219,17,953,1305,226,278,22688,1424,3432
4802:13221,322
4816:5303,21472
4831:
4834:65,559,58036,875,1405,1057,2200,15,3554
4852:81362,38716,8258,2303
4863:25164,17907,84,13939,8213,34037,119,508,1759
4870:
4875:5214,5237,356,859,1550,2868
4889:786,18867,1155,354,4187,10825,1119
4894:20382,3928
4898:
4910:185,1410
4919:559
4926:73168,7360
4934:
4935:28,65467,106,16688
4944:18601,4959,15464,24309
4946:4771,5101,226
4949:508,15403
4951:44666
4956:18867
4961:12092
4984:
4986:1382,3409,363,1614,1551,58466,398,1451,25530,31911
4991:669
4992:8683,3191,13241,1387,1614,12310,5189,162,1348,16819,7956,5848,2661
4998:
5001:238,7973,356
5002:
5006:2770
5007:1405,46215,5287,1460,1875
5011:72964
5015:245
5018:2609,5066,61634,363,331,990,573,31366
5031:224,8213,2097,2272,398
5039:30786
5040:65,1405,245,1690,62,1930
5047:25164,4958,402
5048:13069
5079:302,15,4042,645,17,71491
5086:
5088:1673
5089:97,116
5090:67215
5097:17,1435,1030
5107:1217,931,6292,31015,48233
5108:
5119:564,10295,3231,8276,869,3194,356,83101,6011,32817,114,4027
5120:
5129:44666
5147:116,749,891,62,485,3834,6040
5148:669
5176:2674,23962,5689,4262,3101
5180:21631
5188:3107
5202:1876
5207:3191
5208:17,8016
5214:
5217:3632
5247:1217,28395,58,2776
5271:57243,48440,59774,73150
5276:5315
5279:18391
5288:65,119,28541,3137
5294:46215,124,20192,1958,5517,1119,902,1109,48,7506
5299:3297,7973,296,449,892,36911,3711
5300:749,199,12282,1410,1759,3824,26326,285,1871,33475,859
5306:
5307:
5309:1382,61628,6733,89092,1764,11720,54443,16625,1119,94,1605,899
5323:14942
5325:59582,99343
5329:3672,17646,19871
5335:
5358:65
5361:22606,13704,5998,1476,285,2338,680,15,17,29,518,2369,46904,4034
5364:36126,4,61202
5378:11644,68712,5315,9629,398,49219,703,66593
5385:9617,2917,14870,75072,1119,1339,5567,472,915,1062,3675,1136,2141
5387:5465,650,1357,71980
5397:
5398:
5403:116,18867,2064,62,285
5425:2266,6131
5433:68238,4300,70944,182,518,17,101,34525
5434:
5435:1086,54403,364
5436:116,1995,749,295,5312,361,17
5438:4205,4032,23822,1186,72114,2588
5449:5327,262,27264,18530,28933,10712
5455:1039
5456:902,2083,33088,50801,675
5458:1410
5462:65
5472:
5474:5465,1039,1405,568,1196,378,8016,41936,1162,194,6874
5477:
5478:
5479:7312
5480:4793,15
5499:
5500:
5502:1591
5512:124,19984,19161,364
5527:
5529:
5530:8546
5535:1382
5536:3409,1218,4213
5542:1958
5551:2265,2464
5562:
5580:2369,2326,30,7806,2748
5584:
5601:296,75921,418,790
5611:1050,508,116,2755,182,5525,953,1109
5632:1217,22606,60815,4828,650,490
5640:
5644:5555
5645:
5656:472,2538,1239,490,812
5666:8197
5683:30991
5691:19912
5696:2292
5702:97,2338,3456,3265
5707:
5717:709
5718:
5721:17692,699
5722:650,1217
5741:1535,354,278,829,17,1451,2527
5765:2467,21055,616
5766:
5780:709
5784:289
5788:76338
5798:10427,7059,1163,1119,15767
5803:65
5817:749,3628,4126
5822:19442
5834:364,3517,6901,5708,2937,32866,273,1001,2843,76
5858:28541,574,2318,2460
5863:3915,2904
5864:709,116,1382,1544,32831
5865:9662,8226,17855,48905
5866:
5876:1002,37322,2838,2200,64940,1951,353,29097,2360,2268,24187,7149,28682,20711,4934,24738
5884:398,22935,1287,855,19197,18455,66,6210,2934
5890:97,1690,8881,568
5891:
5892:
5894:749
5896:
5904:
5905:
5922:58486
5923:10930,1196
5943:47373,15444
5947:518,25363
5956:709,650,5567,1109,819,11741,45353
5964:356,794,414
5978:
5990:97,4578
5994:
6001:9629,13567,782
6002:
6013:
6018:8445,7210,94
6020:
6027:6,10560,6068,554,656,53087,17,356,245,322,5746,10493,5701,2311
6031:
6062:262,5663,947
6067:12710
6073:
6076:65,6030
6078:24608,77881,9101,3992,6503,7021
6083:10230,2548,5111
6093:
6109:
6110:
6118:2194,5398,50732,3484
6128:
6135:5545,96946,2068,5254
6137:
6139:4249
6140:10466
6145:28140,1202,17424
6146:5605
6155:1987,6340,33879,42397,14983,27119,8989,26712,1256,441
6161:3409
6162:3632,9943,58
6164:
6179:46142,13836,47612,35817,13247,2633,7926,1337,13539,17232,4510,21249,30490,40086,5319,32131,11590,32501,13341,25282,18802,9462,38772,12294,25145,16361,73080,911,28670
6186:10991
6192:18867,6733,521,1462
6202:
6205:
6207:
6210:720,1039,5998,84,1109,10507,748,8,24320,13150,1762,615
6219:
6228:709,31616,1558,3065
6270:2280,19132,27910,22192
6271:285,2200
6274:
6283:
6290:11633,18315,93265,3191
6292:2874
6298:65,5045,4032,1287,61736,13396,1930,1795
6301:901,354,3527,42077,6943
6312:
6331:
6336:3107,3172,378,5450
6338:5048,398,1453
6345:14202,46215,10985,62
6351:8349,1913,8715
6357:813,7178,3476,427
6371:8276
6391:669
6392:89
6395:21065,4708
6404:7235,719
6407:
6413:44
6420:
6450:116,650,5017,6503
6457:
6469:
6475:13975
6520:48930,834,13501,2414,4347,22,56235,33230,34429,840,8910
6536:22855
6543:302,1550,1086,3231,12248,1832,41604,422
6555:1804,84818
6565:17,13948,1832,3841,302,3234,4502,273,1874,837,6573,1102,1362,4414,12362,84,761,736
6568:10230
6569:
6587:699,14202,5663,262,69260,1614,813,1245,2512,18294,4181
6593:
6594:
6597:
6600:
6601:
6602:
6603:
6641:65,1382,8276,26460,10930,2200,3292,18788,17015,4907,1410,25764,15304
6642:518,25363,8445,190,13683,29
6655:25570
6658:1348,6683,6712
6671:
6676:18,944,3244,155
6682:
6694:6432
6698:
6723:12657,9491,135,37734
6724:2609
6725:288,29,3155,57409,330,1875,612,4049,29318
6728:7667,211,394,21044,2829,17,392,2995,3680,554,518
6735:1155,508
6736:14202,1039,32741,10641,14336,7192,7494,19536,236,30796,889,7795,59721
6737:262,18438
6749:4792,12254,7711
6755:
6773:
6792:
6793:5312,3966,21879,692
6843:65,119,18287,908,2085,11,31117,2950,2048,7334,4719
6851:3915,508
6881:2292
6883:
6886:709,1548,179,559,19984,230,101,358
6889:
6894:
6895:
6898:709
6903:2414
6932:1245,97
6933:
6935:
6939:289,2031,11488,354
6948:58871
6950:23335
6958:5604
6960:9662,6998
6966:81362,38716,8258,2303
6977:
6982:
6983:500
6984:14012,27340,418
6992:11179
7005:5567,17,1196,14129,244,70100,15,18720,24699,41649,834
7019:899,30993,875
7027:
7034:65,2030,1220,32302,60391,94
7035:
7036:
7044:
7053:2675,834,16124,34811,46400,20248,13366
7059:168,661,2012
7069:1592
7077:
7096:7159
7112:5455,31143,27648,41085,77754,35688
7116:61,6344,1245,219,17077,508,12519,3329,407,1549,8066,1902
7118:356,18209,13346,1549,1822,14749,440
7133:
7137:40800
7140:2815
7159:95
7173:
7178:1288
7183:1869,1109
7184:6774
7188:17
7192:5567,6231,84112,1521,357,12776,205,244,834,29639
7196:88351
7203:14814,11590,16045
7214:7312,11991,4422,1985,60127,230,4268,763,94,354,3521,1262
7224:131,2937
7225:
7230:2848
7232:50661
7239:542
7242:
7254:38193
7268:
7291:19692,1002
7294:23604,21905,891,3675,3702,508,1119,1057
7299:356,27977,11895,5747,4212,43849,743,113589
7303:
7326:
7340:22498
7346:1460,18289
7348:1832,17164
7351:236
7356:44,46215,17122
7366:18867,10930,5708,43535
7367:
7383:17,422,7501
7397:6275
7410:14500
7414:116,182,162,1476,1180,6691,749,26543
7419:
7429:7885
7433:
7444:7334
7451:
7461:
7466:
7467:3632,8276,22606,4940,22196,23813,6776,32209,17,5048,962,7006
7488:116,1719,10279,692,49219,1405
7489:7612,14819
7517:
7518:6503,2816,908,8,65,2950,1927,1449,119,13889,6527,1937,1360
7519:709,17,2307
7527:
7542:43521
7555:
7556:2312
7558:168,2318
7563:35305
7572:12254,12657,20674,16188,22333
7586:45986,2318
7590:58,581
7603:285,2032,4573,283
7605:1410
7607:964,17,3347,2656,84843
7608:
7612:
7617:7760
7637:4174,4041,1344,2976,10640,15774,27986,999
7657:6135
7661:17876,49217,508,17207,94,422,5633
7678:4755
7682:
7692:6,554,656,53087,1604,356,1881,58,19421
7699:7680
7707:18867
7708:10260
7713:17,899,76,2829
7734:7893,16553
7741:179,302,3088,14186
7742:4113,3628,2769,490,1451,3,354,2770,1021,7471,18684,370,2464,392,17
7743:736,6249,42849,83034,4123
7751:15141,427,3329,3234,302
7760:1881,2135,1405
7766:
7787:35811
7813:1155,2097,596,99988,10120
7818:356,5575,891
7823:28541,4372
7825:
7833:947
7841:1039,224,31015,56358,23871
7844:2427,17
7850:5567,378,869,84715,1965
7863:559,8057
7869:81362,22646,24183,25282,25768,20216,11320,46451,8258,2303,34902,16438,24825,24014,7008,92135,21249,37879,30800,14814,3042,9667,11634,16504,26226,22389,6504,38978,8060,42480,3770,15332,16352,17533
7888:709,11,224,54038,7956
7889:
7894:8084,63428,714
7903:
7915:224,238
7921:
7945:
7946:8213,1217,4886,508,2897,2168,888,901
7949:119,559
7951:
7958:669
7962:65,518,302,2059,2272
7964:1867
7967:
7969:
7975:709
7976:7381
7977:17,591,361
7981:10611
7990:508
8002:7519
8008:3176
8009:1097
8023:1382,60575
8032:
8036:
8054:46215,2917,873,1164,2008,1276,4021,3186,35087,431,8066,550,16881,3307,8781,500,11813,87402,13166,8957,3836,1925,10948
8065:8276,925
8068:
8069:361,1372,1468
8081:709,10275
8090:296,29709,21890,17
8097:30605
8103:31598
8104:8300
8130:84,1405,4364
8134:2848,1913,8331
8137:14202,559,356,25164,4880
8141:719
8144:
8150:65,9345,1475,1958,4042
8159:17
8161:
8163:2930
8184:
8186:86,3017,8,2162,5347,30301,84,27358,2193,17,289,302,2570
8200:
8206:3347
8217:11741,1786
8224:5581,2982,7624,814,33940,27340,138,96654
8225:
8227:
8229:14129
8245:9354,76
8263:8476
8264:26415,82498
8270:17706,1109,10682,6673,24676,42170,301
8276:654
8285:2326,302
8286:5121,20765,568,78694,55155
8287:6733,10834,845,33577,5356
8290:116
8310:
8314:
8325:1476
8326:1451,26440,4630,6353,13620
8334:
8336:
8343:45,418,1266,4032
8347:
8352:65,709,11626,29709
8368:
8380:336
8396:116,97,43789,20170,3271
8401:
8406:699,3915,40955
8411:
8413:
8435:3913
8449:1527,3107,27322,19524,36427,61822
8450:
8476:8730
8477:22,1091
8491:2850
8499:12117
8500:9363,25551,10463,4244,54878,3926,95591,4455,40596,42487
8510:7059
8513:780,11,43173,1703,518,3484,6613,4967,7901,10442,7145,30316,500,262,10308,5663,472,20195,60498,13751
8517:
8530:7692,99733,2317,285
8531:
8534:398
8536:
8537:813,14202,1568,2369
8552:811
8569:3107
8578:
8581:12080,36156,17294,8861,6766,238
8582:17164,3250,1567
8600:
8603:908,25937
8635:
8636:
8637:866
8644:15,20984,1332,1240,568
8651:
8660:3476,1119
8670:
8681:699,8683,317
8692:12051,81
8711:16970
8717:81
8718:9024,661,574,7727,4342
8719:17
8735:11524,6759,179,5420,3244,1681,29,654,10279,8213,1168,19993,1567,24698,10047,322,1102,4113,289,162,4174,3563,17,354
8736:785,9042
8746:65
8747:
8755:
8760:38295,49581
8765:9075
8768:805,20587,23098,5904
8771:518,7446,22699,83198,5350,65
8774:699,6036,8483,58,6,94,5301,1382,28002,15,19691,8,2266,224,10121,32,84,6837,1622,899,1186
8782:
8788:116,8276,25946,97,25049,5753,486,46756,616,749,31128,13683,289,17451
8789:46169
8790:8321,27015,398,675,61049
8802:8870,9111
8810:709
8812:687
8822:8725
8825:17164,101,10641,21091,1455,9342,5383,19651,12872,5929,68307,322,1991,22142,12253,236,9908,27465,3028,6552,41606,554,953,1912
8844:
8850:
8852:
8862:
8863:650,2816
8868:
8870:
8872:65,861,301,62
8877:65,14202,94,9943,24429
8889:
8890:70,9207
8900:1403
8906:5567,77859
8912:
8913:5111
8915:65,119,1287
8916:13369
8920:
8924:7308,347,13170
8931:485,4210,1196,6552,17,32433,1825
8935:55062
8936:
8958:162
8984:9738,9725
9000:
9001:8694,4589
9013:61406,15766,14969,596
9024:650,19452
9079:3144,229
9085:
9096:3107,27344,1455,3786,5450,4755,6434
9098:2614,8713,826
9106:
9111:62,116,4374,15676,407,15,19354,10046,356,398,20490,194,1109,1240,4536,10493,902
9122:9331
9128:6809,302,1162
9135:22468,20489,32437,14336,6673,431,313,1832,12253,5415,49,10592,29,776,8442,9443,8,14750,4724,11223,654,17788
9141:
9152:119,5567
9155:
9157:21796,112933
9158:2194,10580,3484,37917,8008
9159:
9160:
9161:73621,22781
9171:65,650,749,511,953
9173:124,9736,1405
9200:4240,470
9224:
9225:9594,27218,71228
9233:
9236:32,4989,378,52251,2956,1410,24146
9237:1874,48110,42977,4181,1362,6873,65
9238:4326,17
9245:45849,2868,1089,239,62574,3853,1866,923,1806,1476,302,3805,7648,21625,29,5542,1362,6541,72974
9249:
9256:46215,19899
9276:4589,62,3514
9288:65
9290:669
9291:14202,230,30828
9310:
9312:
9313:65
9331:
9333:
9350:
9357:
9359:39119
9364:357,2557,5389,19356,2030,656,94,9263,736,720
9368:9770
9369:10805,28541,16381,2110
9371:57321
9381:2265
9389:
9394:65
9400:4724,39063,22987
9402:9815
9420:18867,5017
9431:834
9432:1806,3216
9433:16952,3064
9437:53318
9442:
9443:12784
9451:1119
9473:74713,22777,56693
9474:5078
9486:
9487:3476,8105,1568,6,9210,66,8052,673,54999,3886,483,2955,7178,1551,736,2739
9489:3632,146
9494:605,33420
9498:4926
9499:64290,7471
9500:564
9507:53415,353
9514:9961
9525:518,224,3509
9528:33865,2268,6190,542,99596
9531:262
9535:124
9538:709,285,53001,5753,10641,3404,26124
9541:29477
9553:
9568:
9570:14947
9571:11626,26043
9573:
9576:10038
9580:63579
9590:
9593:1348
9606:5254
9612:559,1958,3431,322
9613:1287
9614:18639
9630:14498,2685,2318
9665:1102,616,84,6011,378
9666:398
9668:9289,12248,50843
9680:
9685:
9693:131
9694:2265,1462,20173,1913
9696:924
9711:
9722:3632,46215,301,8651,2200,34168,1359,20355,2917
9727:1501,85656,7612,39860,24032,238
9742:1348
9745:650,65845,4563
9752:8066
9753:2162,48,3389,899,1187,875,2789,6450,15242,2935
9755:8521
9757:10273
9786:
9808:
9810:5253
9812:7760
9813:65,18532
9818:17
9820:422,51014
9824:16465,5083,441,24564
9827:17,131,2429,20132,4364,10353,1152,15,2162
9831:2318,9709,801
9834:65
9837:3841,5542
9839:
9840:11991
9864:3,15,9387,190
9879:26782
9890:116,3476,1240
9891:
9892:
9896:28517,5117,10046
9899:17,2946,4239,361,2703,51760
9900:46215,1348,3003
9911:
9926:
9927:116,119,1217,356,394
9929:
9944:37390,18045
9945:18287,38746,31972
9946:
9961:
9984:14914
10030:3632,2452,61,363,322,23849,58,6,598
10040:
10050:
10051:
10073:
10078:16996
10082:
10084:3183
10086:
10088:
10090:
10110:
10111:2686,1696,4249
10115:
10117:
10130:4239
10132:1287
10133:
10136:12635,9722
10140:
10148:14498
10155:8213,1410,356,5303,947,3393,5582,103,10761,9910,64562,4204
10156:2715
10194:41883,65744,103291,17615
10196:
10200:
10210:398,14964,1435,5598
10233:
10235:7087,47278
10236:
10237:289,508,7624
10249:
10254:285
10267:
10275:6129,41588,36706
10276:17,454
10279:1550
10302:2467,13683,495,31733,4113,7178,3194,4456,2369,3234,1324,395,486,285,1567,239,1866,21634,407,35362,1937,2030,29,10957,302,9708,726
10303:17692
10304:
10306:3476,46215,2059,16811,10861
10313:3233,5928,3824
10317:30634
10335:
10339:119,9617,559,1372,4719,90265,875,24309,55929,17385
10342:119,559,17431,2032,3323,39833
10346:
10359:29,596,17
10364:
10366:17
10371:
10377:81912,1587,654,1804
10378:
10387:
10388:819,5076,354,5048,568,14003
10392:
10408:
10420:5103,26140,18316,3407
10427:3039,59380
10439:
10445:
10454:
10471:1405,5954,2566,16092
10478:5254,901,354,62,2801,194,289,1012,40892,69780,17,37085,28527,12738,101
10479:
10480:
10488:
10502:23967,28605
10513:124,54344
10523:
10543:
10554:2092
10563:378,508,76,11535,11252,1930,10869
10564:8066,2829,311,2675
10570:303,8109
10573:533
10580:
10636:236
10655:354,278
10691:
10693:
10698:6130
10707:10682
10710:449,10012
10726:177
10747:
10758:65
10770:377,4671
10779:29
10794:616
10801:
10807:1057,18143,2387,8579,16776,58829,1389,157,4275
10820:
10842:
10843:559
10844:32910
10845:10492
10854:20390
10858:15,530,392,15224,7508
10871:5604
10892:
10905:11717
10908:18712,1360
10913:7148,19442,14596
10920:1405,22606,1476,28325,17431,289,7785,15
10955:16281,6243,10511,11991,899
10956:17,544
10968:
10991:7281,385,20288
10999:568,11122,356
11000:4616,19275,13596,3374,81,48106
11022:244
11034:650
11037:8066,11626
11047:4275
11055:2703
11099:97
11105:559,50830,295,17,915,952,45237,6033,2789,496
11110:
11118:
11132:
11134:18867,3137
11135:65
11149:
11150:
11193:225
11211:
11222:36943
11228:4991,13881,1340,14983
11240:
11259:669
11264:2868,302,3234
11273:
11278:16105,273,12187
11279:
11280:298
11287:
11332:
11360:
11363:
11378:52302
11388:190,901,16804
11394:4364,1372,1173,2140
11404:19963
11414:
11418:3107,2318,6024
11419:1545,116,8359,398,3039,224,273,138,1097,15540,1200,17
11426:21816,6673,74776,14642,30374
11427:
11428:
11431:285
11437:1902,1696
11439:49123
11444:518
11458:1196,483,4083,3057,6346,58
11462:65
11463:709,1405,8276
11484:34601
11507:
11510:650,296,190,302
11511:2520
11525:19963,952,29,16216,4173,10454,2361
11529:4721,29,301,23490,51364,837,86759
11535:19963,1913
11537:7478
11538:1384,5263,30911,13863,4364
11540:32307
11552:
11554:1455
11558:
11569:8730,454,19984,394
11584:
11586:119,1405,55062,650,24467,12092,7264
11603:
11606:25271,6855
11614:
11616:363,3231,21645,568,14630,2953,52762,14857,30065
11651:62
11657:12601
11660:
11670:14696,7029
11676:
11685:28847,4481
11699:5403
11700:3886,650,1568
11716:2337
11719:1455
11723:9581,39947,5567,70532
11738:
11749:
11775:81162,17183,12627,1462
11781:119,8730,650
11788:
11795:5567,2008,10985,4357,4510,3375,5304
11799:10039
11818:
11825:
11835:215
11836:
11838:
11839:
11843:50502,5122,16461
11844:755
11847:7716,17745,6315,54442
11851:
11856:
11863:
11864:94
11865:17
11883:
11884:
11885:1340
11892:
11893:
11896:
11910:1927,17,572
11913:761
11922:
11928:
11929:65,3137,1220,19465,1281
11939:
11956:62,3235
11962:
11968:
11972:2121
11979:724
11983:1039,26350,2369,3101,14468,302,15744
11988:1196,5753,15,1444,13175,6115
11990:
11996:8725
11999:16036,1002,3618,2347,7630
12008:12282,1508,2172
12010:55062
12011:34099,62,2146,14057,409,449
12027:
12028:5465,1217,7560,354,2316,4578
12037:6759,6708,1239
12047:
12050:53415
12067:
12084:8730
12094:
12130:
12170:76
12199:418
12211:
12213:
12232:4181
12234:65,1626
12235:1240
12237:
12239:75790
12263:17164
12268:944,15088
12271:
12272:427,3304,3256
12296:5397,6450,2162,17265,8579
12310:1382,8276,1109,22606,4034,124
12327:19673
12328:
12356:5465
12360:116,5969,21410,749,285,38893,13681
12364:65,327,17
12373:28945
12375:608,47623,6526,931
12376:13716
12379:
12406:12710,13765,38342,986
12416:1287,8661,25812,34944,70314,2608
12428:81
12433:5581,3661
12443:65,1987,327
12453:
12464:
12467:
12474:79469,2908,8213
12480:2770,6496,26605,239,1217
12496:285,654,401,4414,8105
12498:901
12505:
12512:
12531:
12532:
12533:3632,9617
12534:
12536:
12540:1017,1348,1057,26450
12541:2982
12544:15122
12549:
12552:
12555:30168,30729
12556:17,84
12559:2162,17,39,10526,4837
12562:
12564:9894,2976,6442,1023
12568:
12573:1548
12587:3250,431,1561
12595:6559
12601:51041,78581,56420,14012
12604:3234,3250,962,17468
12616:
12622:1548,2626
12628:
12630:119,245,22253,3456,581
12642:
12660:483
12662:59585,26528,3233
12663:
12669:1832,273
12676:46215
12700:5122
12701:
12723:
12725:285,3886
12739:16258
12753:7700,32242,18301,6790,5184,3393,485,115811
12754:
12761:5214
12766:5103,15289
12767:
12773:29671,7548
12779:
12780:2980
12794:46215,16258,1099,425,2917,2669,1276,1164
12795:1395
12796:
12799:
12804:1825,1965,1382
12807:4040,14287
12811:116,427,673,1109,236
12836:
12841:
12852:568,37220
12860:119,559,114059
12885:5303
12892:1245
12898:15,11522,266,13221
12902:53291,14408
12912:8276,4262
12918:58,36584,14437,62776,31713
12928:
12931:12480,13498,4107,1475,322,58
12934:3516
12939:
12956:14486,19912
12967:427,1050
12970:
12985:14463,14528
12986:
12991:
12998:182,7700
13004:5465
13019:4357
13024:48747
13025:
13039:5975,13341,14606,72770
13040:
13050:
13060:1125
13062:2026,5998
13071:10041
13080:22205
13081:363,285,395,17,3702,1245
13087:
13092:65,22603
13094:
13106:
13109:
13110:
13116:
13152:17
13153:96
13177:24761
13179:
13192:
13195:15,1058
13226:55388
13233:1804,394,3429
13259:
13264:2292,6108
13269:60010
13280:5542
13285:
13289:
13295:559
13296:924,1592
13307:7446
13312:
13319:985
13325:
13335:43595
13339:247
13353:230,13090
13367:
13375:2703
13377:2717,1965
13380:26064
13387:
13392:
13414:395
13425:
13432:1572,15705
13434:15976
13435:730,37694
13436:15162,10451,745,23102,97962
13444:873,303,33849,1009,29991,40
13445:
13447:5477
13459:5214,18287
13464:168
13466:1382
13467:
13469:
13470:42505,24825
13504:947,1119,51852
13506:3234,10640,29,9006,596,14969,14470
13511:944,49217,1550,44859,155,190,2626,2338,17
13525:39466
13526:
13530:44,5403,81
13533:190
13534:
13535:
13564:
13568:15487
13584:3632,568,1471
13590:2405
13596:
13602:296,28536
13607:
13613:560
13618:
13632:1989
13633:3628,2769,3,354,45181,2270
13634:6759,4958,6708
13643:
13657:
13665:5465
13666:
13696:
13700:
13701:5465
13710:5738,605,14686
13723:
13752:
13758:301
13761:
13770:
13781:
13782:53507,770
13784:
13806:119
13812:3702,176,16180
13813:5928,2200,6094
13831:74699
13835:866,361
13841:
13871:
13874:1760
13876:2715,559,3250,15,30
13883:
13884:
13892:39204
13893:533,603
13900:2816,4785
13912:
13918:
13924:1382,278
13953:17,6759
13956:15947
13961:
13964:65
13995:6320,3060
14003:2618
14014:36771
14015:16034
14024:
14034:11808
14040:285
14056:45018
14057:650,1558,2956,65362,66779,17,429
14058:12387,224,7471
14065:262
14068:
14069:58
14084:
14087:353,8794,16147
14088:
14095:193
14112:5607
14120:
14128:
14139:13681,761,56398,3377
14142:32142
14147:8093
14148:62468
14151:9662,2406
14176:1086,302
14210:65,1451,962
14211:364,8655
14219:5355
14247:12601,24699,9635,58,6068
14293:30635,58,289,15522,302,138
14299:
14314:3915,21672,518,7685,2618,8,680,378,32
14321:
14330:8286,59585,970,26528,8,1987,615,8803,8907
14336:
14347:22620
14371:41652,9902,94,2658,1119,1152
14386:
14397:22648,29,101
14407:521
14422:
14436:
14445:
14446:
14455:238
14470:
14473:
14508:5860
14509:
14517:7608
14522:224
14524:11626
14536:14593,4940,12657,12254
14554:2668
14568:5214
14576:2414
14582:
14590:
14591:18867
14601:
14613:65
14615:802
14619:
14629:
14639:31633
14640:74193
14652:
14676:
14681:
14695:32969
14697:
14701:2971,5407
14712:
14717:
14719:
14721:669
14737:3834,71420,25877
14752:17125
14755:709
14759:521,24921,17
14764:2692
14767:
14771:81
14776:
14784:
14788:4326
14791:
14793:
14794:32,472
14822:
14824:42397,497,2917,1875
14862:
14863:
14864:944,39,13030
14865:65
14874:
14879:559,119,12935
14881:336
14883:285,5176,891
14906:17339,6202,19710,23317,22689,48076,39851,44254
14923:7153
14924:
14933:42126
14934:4940,574,4877,2888
14960:
14964:116
14967:
14982:1832
14992:
15002:
15024:
15025:56570,6972
15027:
15043:4813
15044:650
15051:
15066:5567,8236
15068:
15073:859,2734
15076:40690,2140,36092,4364
15079:7560
15101:
15104:42654,32947
15106:720,1568,6,66,483,117,14345,21,18401
15113:30828
15130:8588
15131:
15135:3476,3514,427,1962
15166:
15176:3246
15177:
15178:19818,18964,285,29891,14003
15187:2140
15189:
15201:
15207:18867,2959,8066,17190,2271
15211:5111,11973,4626
15214:3409
15216:9354
15221:28541,8009
15224:
15253:
15278:1405
15280:81
15288:17,568
15289:
15297:
15302:
15303:3440
15306:866
15308:889
15313:17957
15333:
15340:
15352:6451,659,10510,888
15357:
15366:302
15375:40,322
15378:
15380:59675
15385:3,654,49217
15388:1382
15394:15,18070,140,596
15404:18568
15420:
15421:
15433:129
15434:
15441:4707
15442:
15448:
15451:5051,3304
15466:1030
15469:
15470:
15476:
15477:
15490:78002
15495:5567,1965
15496:832
15503:
15524:866,52240
15525:11762,407,24890
15534:33280,14581
15541:669
15551:5017,398
15567:
15587:37575,2677
15591:40086,33228,901,100638
15599:
15600:83988
15601:8,2031,398,65956
15604:17431,5542,1239
15608:
15609:45019
15621:
15625:378
15631:
15640:14202,22462
15648:
15654:
15666:
15671:18457
15690:18479
15715:18513
15724:
15725:669
15737:4378
15752:
15760:17,94,62155,15540,366
15773:
15774:2614,35115
15782:
15794:
15809:
15835:2982,378
15857:1039,2026,1410,6503,1542,2031
15858:20382,3928,1730,40
15860:
15866:238,650
15882:81
15889:31723,23544,19442
15890:28140,1202,29,17424
15908:
15914:675,19059
15917:901
15918:
15935:
15940:
15950:
15963:97466
15977:1245
15988:8725,17
15999:568,10486
16008:2939
16017:
16020:7120
16021:81549
16043:6227,52553,8588,11488,1382
16062:
16065:1217,559,495
16074:4616
16088:6943,1561
16093:224
16097:
16099:
16112:
16113:
16122:14202,23813
16132:
16137:11333
16141:709,19169
16151:3329
16167:11430
16169:9618,6284,495,2030,2305,1181,6243,102035,33830,30911,2668,79869,9245,15141,37952,6143,239,11843,1050,1102,84,190,407,1089,15334
16185:2268,1703
16186:98
16187:10902
16192:
16217:5405
16231:
16233:2868,1614,1960,19300,1567,22723,490,1204,2200,6837,29552,14892,3426,6485,17220,34815,46721,73
16234:574,877,9417
16235:
16238:
16256:
16269:75345
16277:25174,508,2703,845
16287:
16292:
16297:81
16301:
16302:
16305:
16309:
16329:
16330:179,10930,97,60815
16335:
16337:3176,33574
16338:4364,42887
16352:699,16383
16380:
16388:
16411:2614,10541
16422:9618,495,302,2030,2305,1181,6243,102035,33830,30911,2668,79869,9245,15141,37952,6143,239,11843,1102,84,190,407,7178,1089
16447:
16449:
16465:20202
16467:38295
16474:
16493:10094
16495:3704,1127
16515:81
16522:709,5465
16524:26235
16525:13988
16530:41961
16531:224
16532:
16552:
16553:
16554:10930,18287,2557,8870
16558:96
16568:54458
16628:35954
16639:13460
16640:31015,1603,87,1389,58890,616,409
16641:6387
16642:77323,14431,5099,2852,59616,4009,3177
16643:
16666:
16667:
16674:3250,1930,225
16679:
16710:10046
16714:709,6145
16775:13960
16776:
16796:30808
16799:2292
16812:18867,7994
16815:12861,26181,14375
16833:39936,62840,11401
16838:
16839:
16858:20265
16859:23267,24481
16860:
16878:
16887:119,15,2059
16890:12218
16891:20302
16896:
16898:
16918:
16926:65
16929:13312
16945:
16954:766,1196,483,4083,4522,3057,6346,2657,3223,58
16961:38682
16972:20417
16980:11626
16983:
16993:6,4326
17006:709,29,58
17007:
17008:2200
17020:4774,72613
17034:
17053:
17056:
17074:86900,13696,49224
17079:1499
17097:
17099:
17115:9979
17116:
17117:
17118:18867,568,356
17147:
17154:
17158:73080
17159:60391,2618
17164:
17165:356,1089,7006
17178:
17191:18867,34429,32845
17193:51158,11146,4647
17195:86747,5662,3231,15754,591,302,45649
17208:
17241:1359
17243:
17251:6651,10622,10752,34209
17254:
17266:
17267:2375
17272:76
17278:
17279:
17285:1679
17297:7471,28
17328:1764,32
17358:1103,14129
17363:
17378:
17412:
17415:
17418:
17426:16350
17440:21193,80947,43007,41141,6901
17448:
17461:34404
17473:
17474:
17475:650
17477:31621,5097,6824,25230
17484:
17492:1535,302,2185
17498:
17499:21279
17513:
17522:20330,1435
17528:2655,40346
17530:
17547:12253
17549:39936,62840,11401,11281
17551:
17556:
17562:
17576:
17579:866
17591:
17592:
17606:508
17620:59583,28191
17624:
17625:
17626:
17642:3730
17653:924
17671:
17688:3915
17689:97,1212,363,1348,1102,2644,1550
17695:1551
17716:20091
17731:24547
17749:546,361
17753:8730,1086,19991,1759,4601,2467,10661,63488
17779:
17792:
17798:
17810:7622,3039,27218
17812:65,2512
17813:1360,26741,6287,22292
17831:
17844:22002
17863:21875
17867:
17869:
17890:43400,24467,7981
17897:2059,239,495,3234,654,10861,190,22368,859,302
17905:
17919:
17921:
17922:34143
17925:4308
17926:21981
17936:4671
17937:2848
17972:1477
17974:
17993:
18005:35486
18030:
18039:10647,24431,3514
18042:834
18046:
18068:
18070:
18089:
18090:
18101:
18123:361
18127:
18133:6496
18146:
18147:947
18163:4912,5791
18165:
18166:14176
18182:
18186:1744,37882
18187:48548,51264
18195:
18200:
18204:
18208:8066,30533
18209:
18211:60815,908,2480,2950
18212:
18261:
18272:
18273:
18284:14202,9708,4499,278
18306:220,1360
18311:
18316:
18322:
18334:866
18337:
18360:124,8300
18365:
18384:224,616,591
18392:11604,21460,6353,1930
18394:
18404:750,1549,1086,2906,285,5345
18405:350
18411:18867,22
18416:30991
18417:1305
18433:4308
18491:8
18496:
18505:2495,5160
18510:4502,162,31733,3234,654
18525:
18545:
18561:
18571:8276,97,128
18616:650,1645,645
18639:
18648:440,13116
18657:2116
18663:1245
18666:
18686:2614,11626
18690:8066,28194
18697:
18698:
18707:2405
18709:25589
18711:7037
18712:38152,59616
18713:10039
18766:
18810:29
18815:32285,31762,1044
18823:13449
18827:
18836:749,1866,188
18845:3632,7163,2361,99733,18866
18852:
18885:
18887:
18901:77914,289,302,483,27428
18944:23568,67153
18965:76445,9788,9276
18999:6759
19001:
19006:62
19010:
19019:116,1109,901,5303
19022:
19025:76
19030:70
19032:
19043:
19046:
19048:1330
19049:
19050:
19051:11720,654,210,19615,3476
19062:36134,13419
19065:
19069:10660
19070:23791
19094:7703,58304
19095:
19096:1039
19097:
19102:58,15561,27697
19129:8342
19130:34752
19144:
19148:
19156:
19163:189
19165:908,3039,4080,11043
19174:62
19176:66825
19178:
19184:18768
19185:38470
19198:168,2318,659,20451
19199:4755
19240:3675
19241:
19243:
19244:
19246:2030,4018
19259:9568
19262:
19265:1475
19276:285
19277:
19304:
19307:
19308:
19309:
19320:
19328:
19343:
19354:
19355:
19356:24243
19357:
19400:
19405:10333
19410:32307,20355,5466
19422:
19433:
19434:24854,20288,3847,9043
19443:33901
19444:
19446:
19447:
19448:6901
19452:3771
19462:
19463:24432
19467:
19468:709
19475:2869
19476:
19482:511,542,4174,1023,12694
19498:12586
19503:3043
19517:289,367,363
19528:3137,15535
19541:
19544:
19549:
19554:
19582:
19583:
19626:731,81,1330
19646:25718,66248
19680:17642
19682:
19692:28858,124
19705:
19707:
19757:262,10163,15928
19759:14081
19763:
19764:1930
19768:
19774:
19781:
19788:25946,3297,25826
19814:25024
19832:10567,418,790
19847:1382,4205,354,4032,10850
19852:25098
19881:
19882:785,2292,6491
19887:1287
19893:709,654
19950:14612
19965:65845,1287
19983:3003
19985:1930
19996:
20059:970
20067:
20073:2008
20074:
20075:
20094:
20095:10708,9581
20115:669
20116:17321
20120:
20125:
20160:11467,36263,3177,17227
20161:
20166:
20183:104335
20206:
20208:669
20220:8105,285
20233:11008
20234:
20257:2703,11310
20268:866
20294:17,25913,38966
20299:61,1102,803,8213,9077,2537,84,726,690,1180,568,1920,15,179,493,4174,3347,1403,944,7700,542,510,654,12601,273,153
20304:25922
20305:51852
20316:41641,302,17,736,2618
20319:44
20322:
20327:
20333:1887
20334:
20360:729,2185,4032,16662,654
20378:17974,17
20379:
20380:
20381:7680
20394:23967,28605
20395:
20409:33884
20420:26139
20438:
20439:76
20440:10692
20441:285,225
20443:31598,834
20456:2937,3001
20463:42678
20465:
20466:
20473:6311
20497:1091
20498:22,6807
20507:
20512:
20520:1131,13181
20544:6413
20545:37653
20546:119,1405,559,967
20547:
20549:28684,4292,3157
20550:41826
20553:
20555:
20556:669
20572:54188,33907
20582:3297,11741,18381
20607:
20624:
20628:15
20655:10930
20684:
20685:
20697:
20720:200
20721:
20735:27951
20736:
20752:738
20756:
20761:1218
20766:15686
20790:669
20807:
20809:
20810:25749
20812:33552,1002
20846:2703
20857:6531,62839
20858:
20872:1696
20892:720,1382,6249,736,22518,73670,13273
20906:
20908:7037
20911:32791,16722,13235,94075,295
20912:8574
20918:
20926:
20932:
20950:
20954:27131
20973:19984
20985:16697
20990:
21028:
21029:
21030:826
21032:20241,17605,67277
21033:131,1344,94,17
21037:7703,20451,4797
21080:
21082:13960,53341,45423,9354
21084:
21120:
21139:
21140:
21148:27457
21149:9246,6130,27460
21151:
21160:2614,68408,8772
21164:4453
21196:21750,62112
21207:306,429,225,503,34687
21220:4755,3172
21246:29
21256:
21259:709
21266:
21272:16206
21288:
21317:
21318:
21354:45187
21384:30954,12351,16312
21401:5538
21423:87400
21447:6872
21448:709,42443
21469:14202,422,826
21476:2139
21505:780,3516
21514:
21518:
21531:669
21542:4292,39853
21543:
21551:80127,24060,100084
21570:28223
21585:9547,40263,2265,1913
21599:888,20043,1949
21604:
21608:749,116,1119,236,724,1871
21617:
21631:
21633:
21637:28357
21670:28415
21689:36708
21712:19264,692,23461,44020,674
21713:
21714:84727
21722:
21723:9943
21732:25475
21737:27070,28681
21745:
21763:749
21774:2031
21787:4173
21794:749,3841,1871
21796:28653
21834:1412
21838:
21853:10492
21868:
21869:30458,35561,2983,24431,11973
21908:709
21912:11626,2982,28541
21931:1202,29,17424
21932:61658
21933:1730,10039
21934:2467
21941:
21943:463,4726,18190
21944:
21945:28936
21947:
21960:27271
21967:
21968:1744,1709,301,500,3855
21979:20850
21993:
21996:
22003:3133
22012:33473,29069,5372
22016:
22017:5670
22029:
22030:
22036:1550
22037:
22060:1405,29152
22080:
22085:875
22102:660
22109:1348,3837,23853
22111:224,26403
22116:229
22124:
22128:17112
22158:
22164:709,34143,61736,1462,51045
22165:
22173:2169
22176:2917,46215,1340,3618,16036,42511,92079
22184:
22198:
22201:
22213:
22222:378,1119,1389
22226:
22236:
22245:
22246:
22251:
22262:
22263:1287,6996
22280:5059
22286:8579,1389
22299:4339
22304:
22324:9207
22326:
22337:13821
22346:
22354:
22363:
22366:866
22372:6165,826
22373:16024
22382:15304
22388:1164
22392:
22399:9354
22400:
22401:19831
22418:
22426:67529
22427:65
22430:650
22431:20367,542,29833
22436:
22459:23266,3642,17,9885,18700
22464:61298,1550
22465:
22469:
22476:296,302
22477:
22479:97
22483:1535,13681
22492:
22493:61
22497:38573
22501:511,225
22515:
22521:4308
22523:54031,12773
22533:
22538:
22546:
22568:
22574:20249,38986
22575:10597
22579:17339,1498,986,500
22580:
22581:736
22583:3176
22586:2450
22592:
22603:
22624:4547,29262
22639:
22675:
22681:
22682:
22685:61,1535
22691:
22699:44838
22703:2312
22706:
22711:
22741:
22748:
22755:
22759:
22794:
22799:77650
22800:76
22806:5562,14
22807:661
22808:27528
22823:
22824:
22825:
22835:
22844:
22850:
22851:361
22862:2405
22863:26741
22867:
22872:17
22873:518
22887:
22888:2369
22893:13420
22901:
22903:654,97
22906:3834,5303
22936:
22949:
22979:
22983:
22986:
23000:
23040:10406
23044:
23055:30972
23057:30975
23073:24769
23099:
23110:
23111:
23112:
23113:303
23114:28464,986,1888
23127:
23133:3514,6417
23183:
23208:
23221:
23229:39079
23234:
23244:273
23252:4308
23254:
23255:
23277:24094
23311:
23323:7680
23335:31284
23340:
23367:
23382:
23399:31639
23408:3516
23423:6315
23433:
23448:2488
23452:
23458:
23464:81462
23465:4556
23498:
23508:
23514:669
23542:
23544:189
23548:262
23549:
23569:84733
23587:
23595:
23606:
23631:
23637:
23653:
23670:8981
23678:
23686:
23692:
23699:285,836
23711:
23714:
23735:9101,79476
23751:
23779:317,32329
23785:2008,7031,8213,6024,3131
23827:
23828:
23847:
23865:
23872:
23895:60509
23907:84675
23919:
23923:
23934:422,4137
23943:23604,3064
23959:
23960:
23961:
23962:
23963:
23979:669
23997:
24018:
24019:
24056:
24060:4364
24061:3583,85885
24075:1913
24083:1410,301
24100:
24129:
24144:
24146:
24155:
24157:8725
24158:
24162:96
24175:9663
24179:
24184:931
24185:
24199:96542,124
24206:4802
24210:
24219:396,5542,155
24236:18867,122,398,14623
24248:
24262:2717
24265:
24269:
24273:20604
24286:
24309:168,661
24317:31827,44026
24331:
24339:33494
24349:
24397:
24409:
24413:
24418:129,86514
24421:
24440:1405
24468:
24473:225
24489:2092
24536:
24558:
24580:8315
24581:3476,2375
24591:2265
24617:
24618:
24623:26176
24631:1558,62812,32592
24639:65,8663,35486,327,2292
24642:398
24643:301
24647:
24649:
24664:
24668:
24669:
24673:
24695:9360
24702:
24715:716,61742,20192
24725:6487
24727:
24731:22062,322,4008
24748:650,782,44832
24750:58
24775:1614
24777:
24786:
24793:1592
24804:
24805:6157,21592
24808:10492
24825:
24827:1167
24839:
24846:10084
24849:
24884:1784
24907:542
24908:1330,16894
24909:
24917:18321
24920:1937,9444
24943:
24945:1069
24947:33754,56962,5009,7984
24949:1217,19912
24962:1330
24965:224
24981:
24984:20856,59044
24999:81
25000:
25004:
25011:5465
25021:11127
25036:
25044:
25059:953
25069:79337
25070:76
25076:
25084:1348,1410,182
25085:58
25115:
25118:
25127:62,4374,19354
25137:866
25147:
25153:65,327
25171:
25172:20373
25181:27943
25183:
25189:378
25212:
25228:
25236:
25251:12962
25253:
25255:398
25260:
25263:100679,21682
25280:4686
25283:46215,8928,46761
25291:
25296:1403,866
25298:
25301:62
25384:
25388:6293
25410:
25412:224
25430:96
25441:31958
25448:14498,8042
25449:
25469:
25471:
25513:
25518:
25519:
25529:
25535:97
25583:
25608:3884
25612:
25614:13335
25615:20241,67277
25619:65
25666:901
25677:4308
25679:
25693:
25694:
25702:
25704:
25716:
25719:
25749:
25750:
25751:
25755:
25759:559,96329,3233
25771:363
25778:78187
25779:1462
25800:140
25822:669
25831:7334
25836:22477
25842:38870
25852:97
25853:17395
25854:2318
25861:944
25865:12044,7680
25872:
25887:26976
25919:2139
25922:
25924:48015,59927
25933:
25940:13523
25947:
25951:
25976:10039,5707,1730
25977:
25989:669
25991:
25994:2703
26001:79667
26021:1119
26036:11518
26084:22411
26100:
26102:650
26108:
26115:
26125:
26146:39380
26147:
26162:
26167:3684,15781
26173:
26174:1220
26178:8868
26181:3244,902
26197:
26234:
26238:1131,23370
26248:
26249:457
26250:83193
26262:
26263:1468,29027
26288:
26290:1050
26307:
26312:37053
26325:
26330:1548
26332:68107
26349:14277
26383:669
26403:37653,7210,4669
26410:
26430:
26431:9354
26432:
26440:
26441:
26442:34188
26453:
26458:2703
26471:4877,98150
26510:62
26514:
26516:
26522:669
26545:
26564:
26566:
26569:
26577:35991
26586:76
26602:10966
26610:
26612:
26615:500
26616:20856
26628:
26632:
26636:96
26638:
26639:
26641:
26689:
26691:
26707:54187
26728:
26732:
26734:
26736:
26746:
26750:
26768:13895
26772:802
26779:3291,2548
26783:
26816:46400,20248
26831:45422
26834:28615
26842:12218
26844:
26845:38578
26856:
26867:64825
26882:358
26909:373,11404
26919:7293
26946:6503
26949:
26956:7029,94
26960:
26968:17,797
26969:
26971:
26972:826
26995:
27006:23247
27052:38945
27055:2163
27089:2076,518,8213
27090:
27112:709,1136
27116:10849
27124:
27126:9345
27136:669
27148:26904,103113
27166:4308
27172:
27173:
27180:
27191:
27195:
27225:
27250:
27273:395
27286:285,14129,8870
27289:
27292:56269
27293:866
27295:2868
27313:2021
27337:16124
27338:1217,2168,119,7841,633
27341:95791
27373:2311
27381:
27384:
27404:654
27406:
27420:
27430:2157,10071
27431:500,533
27435:
27447:533
27448:
27465:
27466:13818,4755,2880,39837
27480:
27481:
27503:
27505:29573,39936,62840,11401,11281
27508:13959,1389,1057
27510:
27514:
27539:4880
27540:14914
27546:
27549:
27551:
27579:
27584:81
27585:
27586:840,157,16253
27594:
27595:61573
27596:13087
27597:4357
27598:4589
27616:24194
27627:
27671:11808
27672:
27673:4456,112147
27701:
27702:116,749
27737:225
27739:
27760:
27764:
27774:
27789:
27794:
27798:
27799:
27803:40579,119910
27837:840,905
27863:116,749
27897:
27902:
27912:16208
27923:
27929:12541
27931:699
27932:
27933:5904
27940:
27958:
27990:7048
28019:
28020:970,378,899
28021:29,302,3234,495
28031:3137
28032:
28037:61,1276
28040:16109
28058:2512,10542
28075:
28086:650,2655
28104:
28108:
28110:
28138:
28139:429
28152:42353
28181:2110
28184:
28189:9284
28194:
28204:
28216:14500
28218:14202,813
28224:
28229:16935,4616
28237:
28242:2372
28246:10406
28247:
28279:
28300:
28306:25271
28321:
28354:
28364:
28386:
28401:
28402:
28403:
28404:
28414:
28484:7680
28485:1405,1824,709,6800,2657
28492:
28493:
28496:378
28520:
28523:43182
28525:
28527:18953
28543:
28544:
28553:4793,190,901,1239,16804
28554:
28558:8725
28560:17186
28579:
28585:
28606:
28612:5738
28620:
28663:
28681:
28683:6463
28691:1847
28700:30461
28703:
28762:
28773:
28793:
28801:418,89895
28827:26981,219
28858:45415
28861:
28862:
28873:
28876:67372
28885:
28892:24261
28893:7299,34642
28900:8016
28908:
28940:
28946:11991,4487
28973:
28981:866
28988:28223
28992:42212
28996:1803
29015:116
29029:1213
29032:
29033:224
29038:
29045:19818
29046:
29056:13573
29062:
29074:
29080:866
29104:69
29114:10052,21678
29133:
29135:
29138:
29141:
29169:
29208:3176
29214:22477
29239:
29252:24467
29326:736
29338:
29360:
29368:
29387:
29395:3003
29417:26741
29423:
29424:709
29432:
29458:1803
29465:
29468:13969
29491:
29497:58
29524:790
29525:
29548:2816,15754,7624
29549:
29557:
29558:
29561:
29569:
29573:1730
29578:2139
29582:840
29607:
29608:813,1057
29620:1587
29668:
29700:8725
29701:4477
29708:
29724:
29725:
29763:
29777:
29781:
29786:
29825:25022
29837:44949
29853:15947
29864:
29869:
29873:
29882:65757
29885:
29892:
29898:
29914:13151
29921:
29922:38168
29923:16788
29930:2703
29943:
29956:15365
29968:
29972:
29993:
30054:262
30064:
30071:
30085:
30088:899
30094:224
30100:17164
30111:
30151:
30164:52854,24262
30189:2008
30212:18393
30219:533
30227:9916
30247:
30264:
30282:
30288:
30290:200
30304:
30309:32934
30312:
30328:
30335:
30354:29686
30375:
30392:
30396:18287,60815
30399:
30401:
30417:285,39246
30453:709
30481:202,81
30482:
30487:3548
30527:866
30543:
30582:
30610:
30617:
30621:
30622:12597,3440
30626:
30647:
30670:289
30694:
30698:378
30701:
30712:2139,361
30721:1030
30738:46215,11243,44666
30739:
30764:25164,2626
30767:
30825:
30840:2641,41593,5303
30854:19030
30874:
30876:
30886:2939,21193,117289
30887:24134,59625
30901:33227
30902:3233,16911
30906:826
30921:7612,14819,56207
30927:749
30934:
30937:
30958:
30982:
30984:4477
30989:47567
30990:18867
31000:47600
31001:
31004:669
31005:
31010:47623
31016:669
31023:18215
31034:20523
31096:2960
31105:
31113:13623,28648
31118:1145
31130:
31151:
31158:4308
31159:
31175:6381
31225:
31236:395
31239:7680
31267:568
31273:
31274:8725
31275:
31288:2848
31293:20270
31321:
31345:
31348:
31352:10143
31355:10038
31356:
31371:
31386:182,5462
31405:39934
31445:
31462:
31475:
31497:
31499:
31502:
31508:
31510:
31541:15754,1191
31545:
31551:953,22397,182
31563:2318
31578:
31585:
31597:
31639:
31644:
31653:
31687:224
31691:37332
31696:
31744:
31751:
31789:
31791:4308
31806:26528
31822:10492
31890:42092
31920:1764
31926:
31933:2265,1913
31937:
31947:
31955:4032
31958:26140
31985:74002
32010:53377,28536,54357,1166,62244
32032:16632,1847
32043:302
32072:1208
32076:52490
32104:50091
32105:
32110:
32123:52705
32140:
32145:
32161:14858
32165:98
32180:50263,57282
32185:
32189:
32191:
32205:
32215:7409
32242:1267
32250:40152
32251:
32256:
32286:17,94
32291:40755
32300:32996
32329:21028,85683
32338:
32355:866
32356:
32364:925
32379:1462
32409:
32422:33885
32439:
32451:
32477:
32493:
32495:3131
32533:
32546:669
32565:1825
32571:418
32580:2869
32583:
32584:25641
32624:
32625:81
32628:
32641:
32647:
32656:
32667:3792
32675:
32684:6513
32701:
32707:3578
32715:
32751:
32773:18287
32776:3514
32780:75123
32817:63567,378
32819:
32822:
32823:
32843:219
32871:
32879:56747,17738
32893:
32902:1055
32917:92818,3490
32919:
32921:29573,39936,62840,11401,11281,3250
32936:
32953:
32955:2116,3387,1148,10408,9152,356
32977:3847
32978:13573
32982:
32984:37653
32986:12586
32994:16596
33005:
33043:41480
33045:
33108:
33135:
33136:717,17
33149:654
33151:
33181:
33201:40
33206:168
33207:14113
33225:
33232:81372
33258:9537
33261:3039
33268:
33316:
33346:4942
33352:
33355:
33364:
33373:
33374:33055
33406:
33409:25363,10860
33421:
33432:8,194
33443:
33453:
33454:
33491:
33525:
33527:
33528:
33539:378,13065
33541:
33547:669
33554:
33557:
33561:53529
33582:
33590:4113
33614:
33615:518,25920,8,2656
33616:10995
33621:
33652:
33701:
33702:7941
33707:4048
33721:1682
33722:6186
33737:
33752:200
33783:
33787:
33789:8199
33807:
33808:2614
33809:18867
33837:12722
33841:36208
33844:
33859:25552
33866:76
33868:
33869:
33874:2937,30572
33884:20987,5975,13341
33910:82400
33921:224
33988:1803
33998:54357
34022:7680
34027:225,12090,49767,2107
34041:
34048:5468
34054:331
34068:
34092:
34093:7869
34105:29573,62840,11401
34106:
34119:22674
34124:1348
34148:
34172:675,128
34174:
34179:
34188:
34227:
34292:238
34293:9265
34304:
34309:
34318:3150
34335:
34341:5468,55294,40635,5697,61747
34347:16299
34350:
34378:6145
34398:60185
34403:
34421:
34433:2318
34468:
34470:
34492:
34498:36623
34499:
34511:
34512:
34523:3176
34527:
34529:
34541:
34552:924,1592,65965
34553:
34579:
34594:8168
34603:
34628:
34632:224
34681:12508
34697:40543
34698:185
34702:
34703:669
34709:
34710:
34717:
34740:654,2097
34741:
34742:
34753:
34794:
34820:496
34833:
34837:826
34839:44231
34868:2059
34885:
34895:96
34896:24854
34901:2717
34906:37048
34917:
34936:
34973:1696
34974:
34976:5582
34978:266
35005:508
35021:
35026:4953
35086:60900
35087:
35092:
35127:
35150:
35151:650
35166:
35167:5145
35176:
35211:
35212:
35214:
35229:7680
35231:
35241:
35244:18321,155
35251:
35255:2848
35274:12022
35275:4755,4459
35289:7859
35296:616
35297:
35311:
35332:
35348:
35365:
35380:
35429:
35448:
35456:
35495:2059,10861
35510:
35518:
35525:
35558:669
35572:285
35574:
35576:866
35582:
35593:
35623:
35676:
35688:3841
35690:866
35691:866
35730:
35746:22572
35757:
35771:1806,16882
35788:16804
35806:
35820:
35826:3234,829
35850:
35859:
35893:709
35900:
35901:239
35932:
35941:
35969:
35970:
35982:
35989:
35990:59675,59295,48724
35999:11626
36064:669
36123:2703
36135:76,25693
36176:3137
36179:
36185:
36193:3157
36196:224,5008
36210:59826
36216:65964
36221:963
36225:30317
36242:226
36258:7851
36261:224
36268:2547
36313:
36315:
36319:
36330:
36342:
36355:
36358:238
36375:
36385:
36393:60311
36418:68687
36419:
36420:14129
36468:
36470:
36471:
36488:
36499:
36508:
36561:10595
36563:
36564:986
36585:
36595:
36607:
36620:
36642:182
36656:13306
36689:
36696:669
36708:3101,1245
36723:62270,59582
36727:
36730:
36790:
36797:1451
36902:2757
36948:20884,21141
36960:
36961:1133
36966:
36979:36370
37050:
37053:
37054:
37058:
37078:
37088:
37143:17
37160:
37165:518
37175:
37177:
37178:
37212:
37222:944,57718
37240:62487
37255:
37266:2399
37272:225
37291:10541
37308:
37313:
37342:859
37358:
37380:
37389:
37398:
37399:
37404:273
37443:
37446:
37480:
37501:24481
37515:
37516:
37521:
37523:2059
37530:
37570:
37585:385
37588:415
37606:
37666:
37676:9231,2178
37692:3088
37701:
37708:
37731:
37735:
37753:
37767:16964
37790:24920
37816:
37849:
37876:
37878:30
37910:
37911:
37912:
37918:
37924:65669
37934:
37971:17,692
37987:
37988:
37989:
38028:13166
38029:5405
38037:51343
38057:
38073:
38080:74775
38088:
38108:
38168:
38216:11623
38244:
38281:714,9678
38362:65
38367:
38376:
38391:
38431:
38445:43508
38451:
38466:96
38480:500
38546:363
38557:
38578:
38616:
38645:18857
38648:
38661:6503
38679:21163
38684:866
38685:1119
38686:
38691:5650
38704:99868,10474
38715:
38736:17426
38739:9289
38766:3177
38778:924
38786:
38813:
38868:
38870:
38878:2097
38888:
38897:
38945:26381
38967:
38983:
39003:27407
39005:
39021:
39043:98259
39049:9210
39050:14464
39052:925
39074:1847
39083:53075
39084:
39092:
39105:6751
39158:
39159:
39163:3847
39188:
39232:18105
39237:
39291:14444
39295:
39296:6606
39308:
39379:
39391:
39393:4210
39394:
39429:
39430:1788
39432:
39458:
39469:605,2377
39515:
39518:48823,669
39528:102004
39555:
39556:
39567:3645
39580:
39592:5253
39594:568
39617:7624
39623:262
39652:9207
39662:
39693:
39694:
39707:
39718:
39730:224
39731:2031
39796:9247
39821:38928
39822:3191
39863:
39865:
39876:
39877:
39878:
39896:669
39903:
39926:78622
39927:20194
39932:9238
39940:
39967:
39979:
39983:
40040:3368
40043:
40053:
40055:2703
40069:
40098:
40101:
40115:
40120:35612
40123:2982
40129:
40149:
40158:
40163:
40189:3476,3841
40190:4463
40195:4288
40196:669
40215:
40226:
40229:
40234:
40235:48035
40258:
40259:1279
40262:2703
40293:
40307:866
40308:2669,1276
40316:8627
40347:398
40368:669
40427:
40431:14047
40468:
40472:71243
40480:13
40489:10039
40493:30646
40507:262
40512:18062
40538:
40563:21163
40586:1568
40610:11924
40638:103576
40642:1357
40647:36226
40659:
40682:
40688:2618
40712:99642
40727:866
40750:59514
40761:332,15470,568
40782:
40789:
40790:
40801:
40852:34647
40864:
40905:4686
40924:17
40926:2492
40952:
40960:
41019:
41025:6294
41027:
41055:
41077:4204
41080:
41089:
41119:
41128:
41147:
41153:6503
41159:
41174:1337
41176:96
41181:
41184:
41226:
41227:
41237:64191
41253:2769,15
41261:
41286:
41297:
41300:
41301:53529
41302:76
41310:
41337:25636
41399:1239
41401:
41402:
41410:73797
41424:
41430:
41462:15111
41464:
41465:6304
41483:
41484:39997
41485:
41493:669
41508:
41509:
41510:
41575:
41681:
41683:
41703:
41792:
41813:
41814:
41816:2703
41820:
41846:
41859:
41871:8882
41886:
41888:75131
41901:
41910:
41944:6759,1109
41947:
41975:
41979:12720
42005:921
42030:
42033:
42040:21684
42045:5101
42086:
42105:3453
42157:
42174:7178
42179:
42184:
42193:
42229:
42238:2703
42270:866
42278:
42309:
42310:5287,61133
42313:866
42365:18294
42436:
42461:
42462:
42470:68417
42490:13889
42495:
42500:
42556:719
42568:
42571:
42583:
42590:
42622:77204
42625:3039
42651:
42654:50414
42697:
42698:
42699:44
42700:
42703:
42775:
42790:6141
42824:
42829:
42833:4308
42864:
42865:
42876:
42919:
42945:
42959:2265
42976:224
42989:356
43012:28536
43049:
43069:7048
43078:
43088:11626
43094:6
43140:
43178:
43198:866
43217:238
43259:866
43267:
43284:
43295:8635
43313:
43316:7153
43319:66573
43344:31487
43359:
43372:
43386:
43411:36370
43412:
43470:10408
43480:
43483:356
43505:
43518:
43530:34228
43537:
43550:
43557:16531
43565:
43592:
43598:
43635:
43636:
43654:
43681:
43721:20072
43729:
43748:
43749:
43766:6901
43799:20224
43829:
43844:80618
43865:
43914:116
43927:
43933:
43934:
43955:200
43956:
43977:1682
43999:866
44005:
44009:
44010:176
44053:74638
44096:
44097:605
44135:669
44151:601
44162:
44165:224
44176:472
44179:
44238:
44257:3176
44263:
44318:
44343:33230
44351:88052
44368:
44370:
44416:
44418:10486
44463:3169
44484:
44515:17567
44583:
44622:2848
44658:2265
44659:48650
44728:866
44740:29159
44758:
44787:
44797:
44958:429
44964:
44965:
45009:
45016:
45054:
45063:
45069:
45101:
45129:2848
45133:14885
45159:55480
45178:3584
45250:6293
45255:97024
45261:
45275:76752,2337
45284:
45293:
45294:58
45298:
45323:110600
45331:
45341:
45346:49241
45353:
45414:743
45437:
45443:
45510:
45518:
45542:
45550:
45564:2405
45605:
45643:
45663:
45697:7680
45717:42060
45741:
45758:2636
45762:
45811:1435
45815:
45825:
45833:
45843:
45865:
45868:
45870:2675
45884:
45903:18580
45909:
45910:33547
45936:
45989:
45998:57192
46008:
46039:298
46050:3191
46072:
46084:
46104:
46105:
46120:
46163:1362,13646
46180:
46195:
46217:63869
46253:
46315:
46334:
46337:17
46368:25913
46369:
46391:7680
46453:
46463:
46473:
46483:
46489:224
46513:31214
46528:
46551:2897
46558:15928
46560:
46562:
46570:2513
46650:12952
46702:
46718:6559
46735:
46767:669
46820:470
46831:6381
46837:89504
46872:25461
46895:22708
46960:
46975:500
46983:
46988:1302
47011:
47024:
47122:229
47144:3176
47247:
47248:
47294:
47310:8860
47345:8447
47366:
47386:
47423:
47470:
47479:
47486:
47511:
47539:68549
47562:17282
47568:302
47579:866
47584:2185
47588:22569
47653:
47659:
47692:415
47703:
47705:30196
47721:
47747:
47766:45202
47815:
47829:
47834:19291
47851:4083
47853:2703
47857:14003
47858:35521
47883:
47909:
47913:
47973:
47991:8199
47992:2703
47993:
47994:2757
48158:40152
48195:4616
48221:
48260:3367
48276:
48307:1825
48308:826
48345:3176
48346:963
48365:
48399:3137
48406:39351
48414:
48431:2848
48465:2703
48466:294
48480:
48509:
48542:17
48549:
48593:3177
48621:
48643:52586,1131
48668:
48680:
48722:76
48757:
48758:4308
48837:
48935:12022
48954:63446
49030:
49035:
49063:
49093:866
49112:
49124:431
49227:14500
49370:18536
49399:21485
49438:24848
49450:
49631:
49639:24633,1697
49643:5328
49664:
49684:
49809:10333
49867:
49872:
49906:
49916:
49926:1651
49960:
50007:
50020:2703
50021:
50046:
50050:
50064:
50167:
50184:
50188:7643
50277:
50290:
50342:64093
50387:7736
50395:
50411:
50508:1039
50671:
50692:
50695:6926
50696:
50702:
50703:62
50713:46535
50715:
50740:
50796:866
50802:
50807:
50835:
50846:
50852:3969
50864:83351
50871:2378
50916:8077
50952:79353
50965:20114
50972:
50974:
51023:1030
51053:14701
51093:
51105:
51132:75090
51195:100122
51293:
51297:
51390:669
51429:
51479:
51500:32
51501:
51529:
51535:
51615:
51695:97298
51720:
51754:
51833:
51835:
51918:2848
51929:
52007:
52031:
52064:11146
52078:3825
52092:
52136:669
52137:
52140:93525
52145:
52156:
52159:
52221:224
52229:669
52284:32053
52377:4194
52385:
52423:
52466:68669
52475:
52516:
52533:21210
52646:
52650:224
52656:
52663:
52665:
52778:
52833:3841
53080:
53098:
53308:
53342:3176
53391:
53476:
53479:2946
53643:
53706:86855
53783:56207
53796:120085
53894:65
54076:790
54080:13341
54114:
54226:13453
54228:9847
54506:20500
54540:2265
54713:13897
54855:
54924:1145
54989:
55300:
55455:102990
55640:
55670:
55879:
56215:
56230:
